number_of_nodes: 58
number_of_edges: 57
cascade_size: 57
tree_depth: 4
in_degree_distribution: [0, 1, 1, 1, 1, 1, 1, 1, 1, 1, 1, 1, 1, 1, 1, 1, 1, 1, 1, 1, 1, 1, 1, 1, 1, 1, 1, 1, 1, 1, 1, 1, 1, 1, 1, 1, 1, 1, 1, 1, 1, 1, 1, 1, 1, 1, 1, 1, 1, 1, 1, 1, 1, 1, 1, 1, 1, 1]
out_degree_distribution: [1, 43, 2, 0, 1, 0, 0, 0, 0, 0, 0, 0, 0, 1, 0, 0, 0, 0, 0, 0, 2, 0, 0, 0, 0, 1, 0, 0, 0, 0, 0, 0, 0, 1, 0, 1, 0, 0, 0, 2, 0, 0, 0, 0, 0, 0, 0, 0, 0, 2, 0, 0, 0, 0, 0, 0, 0, 0]
propagation_delay_min: 0.0
propagation_delay_mean: 23.974561403508773
propagation_delay_max: 294.52
reaction_time_min: 0.0
reaction_time_mean: 23.974561403508773
reaction_time_max: 294.52
betweenness_centrality: {'ROOT': 0.0, '51381252': 0.017543859649122806, '1087991515': 0.0012531328320802004, '34864269': 0.0, '47636401': 0.0006265664160401002, '723334512': 0.0, '486557841': 0.0, '260800842': 0.0, '1246549262': 0.0, '36071917': 0.0, '23804708': 0.0, '18455693': 0.0, '35189843': 0.0, '26893522': 0.0006265664160401002, '565612643': 0.0, '35388242': 0.0, '250278234': 0.0, '22095017': 0.0, '48336972': 0.0, '794435396': 0.0, '131157005': 0.0012531328320802004, '941133060': 0.0, '357158708': 0.0, '218206305': 0.0, '292252053': 0.0, '581811026': 0.0006265664160401002, '48714627': 0.0, '238383130': 0.0, '2494613293': 0.0, '15707332': 0.0, '272112035': 0.0, '107638664': 0.0, '177784969': 0.0, '83833615': 0.0006265664160401002, '56972384': 0.0, '1320611023': 0.0018796992481203006, '63628671': 0.0, '105426034': 0.0, '491269466': 0.0, '2519518086': 0.0012531328320802004, '52860045': 0.0, '227693690': 0.0, '61132034': 0.0, '265017059': 0.0, '446972153': 0.0, '595100982': 0.0, '1007203808': 0.0, '464141682': 0.0, '1401481': 0.0, '1082585659': 0.0018796992481203006, '363723246': 0.0, '847924026': 0.0, '268229327': 0.0, '838418294': 0.0, '202663923': 0.0, '161690652': 0.0, '313522982': 0.0, '2163438643': 0.0}
closeness_centrality: {'ROOT': 0.0, '51381252': 0.017543859649122806, '1087991515': 0.023391812865497075, '34864269': 0.023391812865497075, '47636401': 0.023391812865497075, '723334512': 0.023391812865497075, '486557841': 0.023391812865497075, '260800842': 0.023391812865497075, '1246549262': 0.023391812865497075, '36071917': 0.023391812865497075, '23804708': 0.023391812865497075, '18455693': 0.023391812865497075, '35189843': 0.023391812865497075, '26893522': 0.023391812865497075, '565612643': 0.023391812865497075, '35388242': 0.023391812865497075, '250278234': 0.023391812865497075, '22095017': 0.023391812865497075, '48336972': 0.023391812865497075, '794435396': 0.02631578947368421, '131157005': 0.023391812865497075, '941133060': 0.02631578947368421, '357158708': 0.023391812865497075, '218206305': 0.023391812865497075, '292252053': 0.02631578947368421, '581811026': 0.023391812865497075, '48714627': 0.023391812865497075, '238383130': 0.02631578947368421, '2494613293': 0.023391812865497075, '15707332': 0.023391812865497075, '272112035': 0.023391812865497075, '107638664': 0.023391812865497075, '177784969': 0.023391812865497075, '83833615': 0.023391812865497075, '56972384': 0.023391812865497075, '1320611023': 0.023391812865497075, '63628671': 0.02631578947368421, '105426034': 0.023391812865497075, '491269466': 0.023391812865497075, '2519518086': 0.023391812865497075, '52860045': 0.02631578947368421, '227693690': 0.023391812865497075, '61132034': 0.02631578947368421, '265017059': 0.02631578947368421, '446972153': 0.023391812865497075, '595100982': 0.023391812865497075, '1007203808': 0.023391812865497075, '464141682': 0.023391812865497075, '1401481': 0.02631578947368421, '1082585659': 0.02631578947368421, '363723246': 0.023391812865497075, '847924026': 0.02631578947368421, '268229327': 0.028070175438596492, '838418294': 0.023391812865497075, '202663923': 0.023391812865497075, '161690652': 0.028070175438596492, '313522982': 0.023391812865497075, '2163438643': 0.023391812865497075}
