number_of_nodes: 57
number_of_edges: 56
cascade_size: 56
tree_depth: 4
in_degree_distribution: [0, 1, 1, 1, 1, 1, 1, 1, 1, 1, 1, 1, 1, 1, 1, 1, 1, 1, 1, 1, 1, 1, 1, 1, 1, 1, 1, 1, 1, 1, 1, 1, 1, 1, 1, 1, 1, 1, 1, 1, 1, 1, 1, 1, 1, 1, 1, 1, 1, 1, 1, 1, 1, 1, 1, 1, 1]
out_degree_distribution: [1, 50, 0, 0, 0, 0, 0, 0, 0, 0, 1, 0, 0, 0, 0, 0, 0, 0, 0, 0, 0, 0, 0, 0, 0, 0, 0, 1, 0, 0, 0, 1, 0, 0, 0, 0, 0, 0, 1, 0, 0, 0, 0, 0, 0, 0, 0, 0, 0, 0, 0, 0, 0, 0, 1, 0, 0]
propagation_delay_min: 0.0
propagation_delay_mean: 211.9580357142857
propagation_delay_max: 2294.18
reaction_time_min: 0.0
reaction_time_mean: 211.9580357142857
reaction_time_max: 2294.18
betweenness_centrality: {'ROOT': 0.0, '15438913': 0.017857142857142856, '759939776': 0.0, '1470939944': 0.0, '557074171': 0.0, '17836555': 0.0, '1486117886': 0.0, '801698222': 0.0, '25202268': 0.0, '224273373': 0.0, '353043017': 0.0012987012987012987, '16000199': 0.0, '132243158': 0.0, '78012317': 0.0, '883593984': 0.0, '2308935212': 0.0, '130838609': 0.0, '35257944': 0.0, '2353606040': 0.0, '48654466': 0.0, '319820407': 0.0, '503586128': 0.0, '18523388': 0.0, '926128567': 0.0, '2710331262': 0.0, '161310396': 0.0, '2271644837': 0.0, '459310999': 0.000974025974025974, '855556087': 0.0, '181409722': 0.0, '1228576046': 0.0, '282371758': 0.0006493506493506494, '382281165': 0.0, '598925796': 0.0, '863108198': 0.0, '587783109': 0.0, '69160166': 0.0, '1499458074': 0.0, '2285836957': 0.0006493506493506494, '2316336204': 0.0, '210954755': 0.0, '431023014': 0.0, '19744868': 0.0, '2846069615': 0.0, '1851815635': 0.0, '2393185350': 0.0, '2972998455': 0.0, '2766367745': 0.0, '611412359': 0.0, '1409552341': 0.0, '2233488978': 0.0, '2951650024': 0.0, '2753076010': 0.0, '437425798': 0.0, '111412750': 0.0006493506493506494, '529519736': 0.0, '2218836026': 0.0}
closeness_centrality: {'ROOT': 0.0, '15438913': 0.017857142857142856, '759939776': 0.023809523809523808, '1470939944': 0.023809523809523808, '557074171': 0.023809523809523808, '17836555': 0.023809523809523808, '1486117886': 0.023809523809523808, '801698222': 0.023809523809523808, '25202268': 0.023809523809523808, '224273373': 0.023809523809523808, '353043017': 0.023809523809523808, '16000199': 0.023809523809523808, '132243158': 0.023809523809523808, '78012317': 0.023809523809523808, '883593984': 0.023809523809523808, '2308935212': 0.023809523809523808, '130838609': 0.023809523809523808, '35257944': 0.023809523809523808, '2353606040': 0.023809523809523808, '48654466': 0.023809523809523808, '319820407': 0.023809523809523808, '503586128': 0.023809523809523808, '18523388': 0.023809523809523808, '926128567': 0.023809523809523808, '2710331262': 0.023809523809523808, '161310396': 0.023809523809523808, '2271644837': 0.023809523809523808, '459310999': 0.026785714285714284, '855556087': 0.023809523809523808, '181409722': 0.023809523809523808, '1228576046': 0.023809523809523808, '282371758': 0.023809523809523808, '382281165': 0.026785714285714284, '598925796': 0.023809523809523808, '863108198': 0.023809523809523808, '587783109': 0.023809523809523808, '69160166': 0.023809523809523808, '1499458074': 0.023809523809523808, '2285836957': 0.023809523809523808, '2316336204': 0.026785714285714284, '210954755': 0.023809523809523808, '431023014': 0.02857142857142857, '19744868': 0.023809523809523808, '2846069615': 0.023809523809523808, '1851815635': 0.023809523809523808, '2393185350': 0.023809523809523808, '2972998455': 0.023809523809523808, '2766367745': 0.023809523809523808, '611412359': 0.023809523809523808, '1409552341': 0.023809523809523808, '2233488978': 0.023809523809523808, '2951650024': 0.023809523809523808, '2753076010': 0.023809523809523808, '437425798': 0.023809523809523808, '111412750': 0.023809523809523808, '529519736': 0.023809523809523808, '2218836026': 0.026785714285714284}
